94
14 549
40 413
56 741
63 759
96 867
100 717
118 148
133 530
152 536
170 647
186 93
193 111
194 258
219 98
236 19
237 987
253 47
269 544
279 205
291 108
300 837
306 316
307 445
309 264
328 276
334 703
351 627
355 555
356 388
362 456
373 432
379 999
391 656
392 536
397 240
406 469
414 137
430 965
448 868
459 957
464 943
469 637
476 128
493 742
499 244
511 971
520 897
549 418
560 128
573 458
576 540
590 221
604 185
609 120
622 921
626 130
629 918
632 694
637 542
639 959
648 267
653 897
654 278
658 570
665 698
680 991
688 713
692 763
699 537
702 125
715 438
761 637
764 678
765 542
767 787
783 431
787 748
788 701
798 709
820 362
828 260
829 606
856 485
872 888
881 438
903 949
906 979
910 543
916 177
950 217
953 82
956 518
979 377
992 90
