94
6 769
33 418
43 31
48 330
58 426
62 421
107 483
125 927
131 506
132 511
144 455
152 431
158 282
175 842
177 457
207 973
210 835
219 269
238 73
242 8
250 751
255 673
267 118
299 475
314 396
321 651
340 639
343 886
375 379
385 116
390 754
395 852
426 57
427 963
442 196
502 554
505 883
514 681
515 822
521 225
523 213
525 217
530 861
546 185
556 377
562 203
582 7
618 358
623 253
637 864
643 555
644 968
654 307
680 569
685 105
686 228
687 781
703 590
718 816
722 227
731 139
734 328
746 657
749 506
751 330
772 941
775 731
778 467
779 928
780 456
788 977
798 726
815 451
817 412
826 316
835 809
842 558
851 425
854 755
866 119
879 92
889 386
891 428
906 93
909 490
937 171
947 345
956 631
957 880
972 480
991 125
994 845
995 78
998 44
