1464
440
2339
920
4039
3917
1485
1574
4891
3750
4942
853
4285
2857
1429
2982
1249
2171
1372
188
1829
1878
991
-75
1887
4459
3932
4581
4052
2756
2214
2377
1115
4685
2393
432
5145
2758
598
3678
2068
1170
879
1175
4851
2334
4905
549
1902
4732
4736
5073
681
987
4773
4324
5057
3095
3585
308
2167
1132
1646
4119
3728
4127
7
382
88
1599
1717
1141
2105
1257
1571
1881
3392
658
4237
3192
484
2151
4422
571
735
675
3810
3325
699
4972
-64
4978
4829
3855
3349
3870
2259
4386
892
1373
2860
3472
864
3201
4890
1278
374
4817
3843
3276
3081
2129
4673
2332
88
4715
2243
711
1497
1486
975
3225
2828
3801
3525
3032
2002
352
4709
2088
2739
4169
4500
4340
5066
3572
2335
1392
694
1685
150
2290
3615
299
2555
3902
4592
4025
1186
4117
2908
532
2002
1226
3159
119
3607
3749
4889
4064
2510
639
4675
4562
288
3829
2832
1303
2416
2534
4153
978
2815
1090
2463
119
2695
1959
1696
4485
5072
175
2511
3725
4073
4974
2403
3341
3029
3905
2531
2736
1392
4181
3785
1439
1235
4085
3917
4642
3377
1541
4457
2907
4022
914
2814
4609
3324
4083
2348
1708
799
520
3042
592
2992
4337
3240
1919
-38
974
3964
2827
2478
3411
3829
317
499
4827
3767
2392
3880
1473
2472
4651
3963
1679
4285
219
4651
4775
4645
3734
4239
3002
4695
1532
3360
1772
3721
2210
4806
5205
5113
1360
654
2759
1819
2700
4918
2672
1503
4069
79
3693
1391
2064
4948
635
909
3637
606
1847
4677
2383
2048
4875
4319
5153
2169
-18
1550
761
4571
1961
585
2571
3842
1109
1002
1552
4017
802
1684
3381
3145
762
5048
4185
2249
2516
364
4860
4409
1521
1645
1997
1451
4856
4992
1688
3859
1128
2347
473
284
2783
-12
4941
3129
3224
4561
3798
498
4026
1982
3567
4351
9
2596
1622
1052
1923
2967
3242
4139
1481
4665
4809
1156
487
3315
5197
1542
3331
3986
1694
1301
525
927
4997
977
355
3593
4065
254
4155
4449
4764
112
3106
3826
2909
5128
1346
4391
2002
3770
3336
1751
4307
5213
1546
723
1382
4466
3545
3387
1897
3766
4794
3995
1033
5053
440
4978
2342
3988
2815
4140
536
1676
1170
3562
47
5146
1620
2246
1685
2618
899
4580
585
1541
4688
2658
312
4528
737
-91
3385
2883
4853
4678
3099
4092
3014
1642
1124
2341
4836
3839
4001
2538
4405
2456
92
978
3003
3599
729
1889
1365
4099
2868
1837
1408
2536
2718
2421
4243
3280
3034
1140
551
1949
4689
2693
3957
2091
34
2783
2382
3612
1574
329
2237
3778
93
4001
1170
2353
4637
2312
-18
3183
3411
3026
3984
3814
2512
1870
3050
2180
947
4565
1373
428
4781
3823
459
3701
819
-69
2028
194
3997
4773
389
357
197
1915
1932
1083
3252
3466
445
3534
2332
2311
4651
778
689
1773
5063
107
4247
4131
4712
4555
2560
2653
4645
568
3620
968
4117
1739
2826
139
2237
1746
4558
4453
4395
3030
5014
4607
96
3425
1948
4954
289
1355
2204
2171
1852
2770
1107
1550
4222
2284
608
2027
5174
3405
4588
3118
2573
1802
468
2700
4575
3656
4865
841
2451
2215
3957
5065
-43
3521
3170
5049
166
3995
1995
1334
4109
2393
2613
1324
4322
890
3257
845
3603
4425
1120
4111
1222
3960
2728
4201
4720
4363
1908
4563
1311
2835
1315
1523
4696
4012
3443
1320
2636
2420
3772
2781
243
747
1500
3979
746
1871
1252
2603
3672
5037
1399
1608
3345
5108
2444
4917
2402
4445
2653
965
3757
2235
1240
1389
4070
1350
3595
1294
2555
1617
1867
3503
421
1639
3134
1064
1228
3966
-66
5105
862
2666
3195
117
1364
1424
2182
4186
741
2667
3965
755
2789
181
2797
-61
3401
4681
3654
940
4384
769
4387
5159
3922
2664
3762
4269
1360
2419
165
1913
1137
436
4998
5062
1543
3466
3973
4106
1724
4667
4907
2384
5184
-51
81
1573
4422
2948
4154
4571
2325
1194
4298
5047
4360
193
1786
2248
4087
5208
909
25
459
2028
4758
3394
3973
1112
4669
4143
3969
3295
4625
2779
4293
3179
3062
2981
1230
1856
3337
3291
344
3506
2033
2209
3784
4891
586
304
850
4851
2907
3063
2925
4053
4393
2932
-55
4167
3197
2698
112
3808
757
3904
2166
1372
2685
3032
3651
2929
4365
1495
4693
270
3509
3815
4164
874
1093
4073
3091
2485
713
50
3
3739
3862
5164
1805
2422
4924
713
3322
1103
4981
3285
764
2207
1476
2550
3674
3773
4634
4865
434
457
2
1794
3846
657
1159
4794
3527
1179
3914
1123
-54
2755
2311
3693
2134
241
1775
3569
378
4611
1342
4006
4909
938
4789
750
3296
1202
2191
1701
1627
1948
3541
4768
3394
1247
4591
4578
1253
2915
3761
2862
287
613
3044
-27
4783
4912
3767
3155
3049
2695
3540
3636
4350
3126
394
2237
398
1877
1907
2439
1151
2316
341
4706
4730
267
330
2362
942
4145
3772
2573
2418
362
1701
2493
2917
3057
1115
2254
1782
5090
1844
2964
4691
4271
120
2131
5153
3311
3436
1879
1738
1171
1681
3993
4487
3246
474
15
754
1531
3826
2522
5205
4469
2775
197
3326
4740
3896
4119
5028
1636
2288
1745
1049
180
4353
2882
4001
3374
4255
4936
3226
529
1067
4908
4449
4503
3478
2085
1022
56
360
4594
2800
3648
4813
3451
3282
2131
3929
2252
2022
4782
5074
2133
4048
228
2720
2628
4739
3104
3155
2207
358
1333
4324
657
2835
3399
1984
214
5203
2514
1015
4687
4805
4765
99
4355
2943
4010
32
2284
2409
3344
1649
62
3160
1568
3901
4866
672
4818
3972
-36
4031
4041
4789
5212
1831
3401
4607
1260
2093
5003
1879
4798
3767
1612
3935
763
1603
5186
2142
-3099
-506
-1805
-2932
-1364
-1100
-574
-2684
-2792
-1614
-2918
-1609
-737
-791
-2261
-2535
-2036
-746
-1420
-521
-822
-1960
-491
-1474
-487
-2956
-1726
-3160
-1640
-1765
-2296
-2635
-1771
-2531
-2692
-1775
-2808
-538
-507
-3003
-2611
-2234
-2787
-2362
-3019
-2883
-1757
-2477
-1893
-2179
-2352
-484
-2972
-2749
-3205
-1706
-1417
-1423
-2302
-1620
-1914
-603
-2133
-1568
-2062
-2763
-2906
-989
-1509
-1944
-1741
-2802
-3203
-2187
-1664
-1742
-3147
-1681
-1279
-503
-3160
-3069
-999
-2528
-3185
-3149
-479
-1653
-2679
-776
-622
-2595
-3108
-2218
-2622
-1910
-3113
-1144
-1405
-2752
-390
-402
-1389
-1491
-2976
-1021
-1120
-2615
-2089
-763
-2031
-3137
-2650
-2630
-1558
-544
-919
-2893
-2704
-2827
-969
-2521
-1100
-1771
-642
-2526
-2787
-2610
-2477
-2922
-1238
-2724
-3025
-1646
-391
-1060
-631
-963
-1843
-2072
-2624
-981
-1035
-1490
-2039
-1202
-2487
-2783
-1944
-2057
-3012
-563
-2710
-326
-953
-696
-2124
-2373
-731
-1685
-1438
-477
-2566
-867
-2199
-2230
-2369
-2846
-622
-1806
-2040
-1121
-2016
-998
-2617
-440
-1334
-2232
-1781
-1722
-2954
-1337
-3198
-331
-2707
-889
-1165
-2656
-2636
-434
-2258
-1796
-2904
-727
-523
-1407
-2356
-1067
-3128
-1912
-1991
-2290
-1664
-990
-452
-607
-2337
-2151
-1699
-961
-2586
-1148
-1149
-460
-901
-562
-1671
-2029
-354
-1984
-2008
-1435
-3013
-2826
-2234
-734
-823
-417
-2830
-1691
-1135
-2505
-938
-2969
-1722
-2176
-2847
-1409
-2792
-1454
-3005
-1493
-2786
-1243
-464
-485
-3153
-1273
-2070
-2683
-652
-990
-1697
-609
-1910
-1513
-1817
-2526
-2927
-2869
-2900
-837
-1055
-1065
-3075
-2084
-1926
-1600
-1720
-440
-2679
-3117
-1360
-3065
-2209
-3098
-1764
-2988
-500
-1106
-3179
-1163
-2143
-2192
-3072
-919
-2912
-2189
-951
-1707
-1275
-1662
-3194
-2256
-2041
-1291
-604
-1413
-2902
-1297
-2332
-2769
-1115
-2636
-738
-1967
-2367
-2777
-1402
-996
-2830
-2488
-2900
-3059
-2790
-751
-1220
-1855
-1618
-1843
-1390
-3061
-897
-665
-2560
-407
-1825
-931
-1689
-1833
-1339
-702
-1903
-2566
-1612
-1870
-1949
-1059
-2487
-1375
-2735
-2810
-704
-2706
-2883
-2650
-2483
-1059
-1191
-861
-354
-2114
-2587
-2853
-1723
-735
-1016
-1041
-366
-1075
-1950
-3208
-2847
-2856
-2099
-748
-1515
-2994
-3160
-3019
-1681
-884
-1735
-1412
-1663
-787
-792
-1462
-2951
-3040
-1279
-3049
-3119
-1899
-2462
-3077
-592
-2153
-3020
-2307
-1514
-699
-2694
-2181
-2618
-2112
-2289
-840
-1050
-1936
-1320
-2597
-1111
-981
-2225
-2109
-2280
-2359
-1212
-2718
-426
-1660
-1349
-1583
-1998
-1107
-2919
-1805
-2351
-2210
-370
-2146
-682
-2562
-1288
-1357
-1482
-873
-1506
-1324
-2060
-678
-2203
-2797
-376
-646
-336
-2301
-1069
-2928
-2508
-2936
-371
-2961
-1315
-1079
-1975
-2473
-2320
-715
-2233
-1152
-2040
-1810
-741
-2618
-1853
-398
-2572
-2372
-2807
-1344
-1804
-2831
-2110
-844
-581
-2799
-1705
-1726
-988
-1896
-733
-1835
-2015
-1235
-2672
-497
-1982
-1162
-3136
-2340
-2863
-2341
-1733
-2746
-1829
-1463
-1495
-634
-2858
-693
-865
-408
-1453
-1601
-2222
-1296
-2492
-1362
-486
-3050
-1480
-819
-2695
-2683
-3051
-1605
-1933
-1477
-2131
-2592
-894
-684
-396
-1549
-1163
-3202
-1861
-1504
-3114
-2984
-1193
-2807
-2895
-2018
-3000
-3039
-804
-1748
-2411
-2938
-347
-722
-2638
-1328
-3064
-569
-1207
-1248
-1097
-2860
-1931
-1037
-1052
-1131
-963
-647
-1661
-2399
-2858
-2080
-2981
-2585
-1615
-1539
-876
-423
-1858
-1400
-1346
-1251
-2683
-2806
-1991
-2204
-385
-2682
-3013
-2285
-998
-2080
-2134
-1270
-2743
-1265
-2617
-2181
-1876
-1973
-803
-575
-423
-1825
-1830
-1173
-1283
-1084
-1506
-1695
-834
-1560
-337
-584
-2566
-1190
-1159
-3021
-1923
-1728
-1194
-1767
-2453
-2616
-2595
-727
-2025
-849
-2296
-2819
-557
-1406
-1241
-3000
-382
-1583
-486
-758
-1361
-2942
-2473
-1400
-2092
-2104
-1530
-1176
-1837
-2143
-3131
-626
-1939
-2265
-2619
-1820
-2147
-560
-2241
-1518
-751
-2594
-2638
-1344
-2427
-2976
-578
-1127
-2525
-2269
-2391
-1189
-925
-3040
-1008
-2350
-457
-2322
-682
-2604
-453
-3192
-704
-1501
-466
-2806
-2545
-872
-1825
-1971
-2289
-2836
-332
-2593
-1171
-1281
-739
-405
-3041
-2720
-2317
-684
-2762
-686
-1658
-2051
-2218
-768
-376
-525
-896
-2588
-3072
-732
-2701
-2217
-2129
-1926
-1757
-3118
-3130
-2396
-773
-2768
-1135
-2978
-806
-1399
-3121
-480
-1441
-2490
-946
-2528
-2916
-2708
-2568
-2186
-3043
-449
-994
-554
-2332
-2974
-2825
-326
-2972
-1305
-2158
-1700
-2886
-446
-1382
-2741
-982
-2287
-1223
-3019
-2325
-2678
-874
-473
-631
-1039
-3026
-1966
-2425
-1089
-1263
-2992
-2288
-3139
-2910
-1398
-2198
-1955
-1529
-2242
-3139
-1442
-2876
-669
-919
-2745
-2134
-1802
-1982
-2319
-1760
-1534
-3074
-886
-913
-2193
-1354
-2053
-376
-1716
-2338
-2651
-2162
-3007
-1708
-2388
-2132
-725
-2333
-3004
-1328
-499
-494
-2439
-1767
-484
-2062
-1487
-2700
-778
-2398
-2516
-3209
-1786
-2732
-3140
-744
-1842
-2435
-551
-1010
-1051
-2314
-1007
-747
-1886
-2021
-2731
-364
-2629
-2633
-1068
-358
-2577
-1158
-2106
-1821
-1614
-2851
-2039
-1505
-791
-1026
-1316
-833
-2273
-1615
-2412
-3084
-1314
-2781
-1686
-708
-1118
-357
-538
-2268
-1801
-1923
-2926
-1216
-2621
-2459
-1242
-1900
-2173
-1132
-1661
-2163
-2532
-2836
-582
-2621
-2758
-1381
-1109
-2087
-656
-2996
-2045
-922
-2762
-1014
-1620
-2367
-1818
-1277
-2807
-2529
-992
-396
-1327
-1588
-1870
-1931
-2297
-998
-3152
-2796
-1769
-2165
-2871
-1313
-497
-2676
-2032
-1029
-2394
-1774
-1692
-2501
-3084
-1319
-2881
-597
-2533
-2610
-2187
-930
-1761
-447
-2900
-3048
-2482
-1562
-2221
-2828
-2880
-1706
-1188
-1690
-685
-1314
-3044
-1146
-2922
-1490
-2659
-447
-1089
-2946
-1831
-2476
-2441
-2955
-1748
-827
-1310
-3019
-2039
-1321
-583
-2791
-1650
-1372
-2535
-2554
-2502
-2281
-721
-1908
-1054
-2194
-1603
-1353
-1243
-1093
-1644
-2222
-2045
-1744
-2207
-1127
-710
-712
-1358
-2603
-2451
-905
-3042
-388
-1239
-492
-1274
-3148
-1979
-1155
-2717
-2889
-1130
-756
-2361
-657
-2688
-1114
-2001
-1428
-2326
-1303
-2813
-2784
-1983
-2730
-2574
-2883
-3157
-1397
-1671
-1894
-2563
-2288
-1921
-2295
-2527
6141
3735
5330
2506
3764
1056
4406
4101
5367
4877
3405
5730
3353
734
4391
282
1307
563
5111
6454
5375
692
1792
5557
4533
5331
4270
3052
945
2183
1211
2520
2096
5101
1282
5713
2574
5209
4481
1628
6369
651
5235
4120
2016
1425
1401
5807
5610
3642
1508
4103
4861
4822
4778
2931
4031
2669
5163
6361
1931
2943
2813
6172
3383
5421
5703
2296
5064
4239
2784
2733
2919
5672
549
4936
1766
1674
2283
748
3242
4552
2469
482
743
4062
386
2080
772
5065
304
2749
5440
5913
2705
3256
256
5323
4601
2062
595
555
4485
4947
1452
6494
2510
3908
3218
1629
4650
652
4997
5224
1288
4651
828
4878
4274
4730
5915
4789
6555
2669
3512
5289
1796
4681
1149
6118
5328
5383
2176
1112
2680
4795
6299
4638
1886
4625
4015
2185
1308
1955
2716
3518
4424
1171
6246
5280
5898
5927
285
2976
1873
2571
5983
1382
413
503
6328
6206
6330
5804
2860
5386
649
5835
2588
6004
5339
714
5113
3031
350
3349
1958
1710
3358
2234
5684
6081
1881
2153
3585
3848
1625
2148
3383
4081
4166
4251
1739
4379
2633
1559
5191
3345
6014
2925
1130
3819
6040
1523
6595
4458
3742
1445
4043
5973
2291
5097
5639
5282
6414
4392
4396
2254
603
1375
1538
1547
1956
2741
331
6580
1068
5826
6375
6211
3415
974
1129
3682
453
4635
2767
2145
4147
3937
6545
1888
5623
495
2091
6259
6196
2429
2731
3728
5416
3115
4232
842
1667
5643
4163
5166
1930
5287
4995
4619
4358
1897
4367
2379
1546
6473
272
2542
1565
5906
767
6326
4151
6241
4357
6610
2280
1332
1642
1455
1716
282
6187
837
2491
3032
1518
5105
1791
408
2670
5060
6503
2793
5945
4305
2940
1112
1205
3970
3797
2408
4180
5925
2675
947
3593
3632
4215
304
6451
4591
279
1625
4819
3287
3248
463
2713
1299
5324
1752
5470
1725
4201
5849
2560
1639
2966
3460
5397
1464
4614
4089
4040
1754
450
3275
752
3500
1887
4387
4547
2806
6064
5301
2784
887
1665
2518
1678
4037
1470
2367
5706
6362
320
6152
1356
2885
5536
571
6254
1124
6415
6242
2431
3565
309
3839
5176
4431
4692
1840
3595
5134
2756
2078
6324
1478
1335
626
3421
4184
3723
5234
4090
1922
2255
502
1297
2651
5002
2385
5757
3451
4783
4683
5941
1458
4417
6619
5864
2790
2875
3563
4024
1960
592
4393
330
2823
1822
274
2193
6474
1903
1536
6492
5885
854
1793
1101
4880
4763
382
3455
6379
5613
2735
690
597
2335
3132
6618
2988
982
5927
4578
2447
6411
5373
4782
1199
5526
6392
2007
2808
5458
1180
6466
4863
4746
3712
591
2008
3238
1370
577
1445
990
4625
5949
5524
3315
6108
5632
4684
4329
2018
4883
5828
6390
2037
4067
258
3140
1605
5425
3813
2980
2821
5833
4926
4608
506
1710
1495
2930
4916
2693
4259
2172
1922
812
2445
2674
4882
2297
514
2844
3717
6532
3210
6591
6478
5854
1169
6137
2818
5606
2808
697
5649
5087
3926
4955
3984
2237
5283
2392
398
5187
3982
2159
4719
5481
1356
5667
1680
1986
4394
495
3849
4286
6034
429
821
2899
6385
2731
972
4297
5484
841
6499
6291
5559
986
2930
6059
5141
5846
5689
3993
2127
5299
1693
3971
1826
2966
1443
3600
2910
5402
1539
952
4531
278
5906
4986
4309
5418
5569
913
3040
2464
1237
2032
4431
6569
2646
253
4874
4183
1853
4286
6031
3862
1337
585
602
3803
614
345
5234
2825
6000
4958
4550
4952
4747
3356
3562
2999
639
4214
884
642
4734
5692
2205
5143
5212
382
4755
437
3704
259
2167
2866
3628
1579
1745
3356
5922
3673
5296
3919
3647
4406
2287
1425
855
4648
1117
6151
2090
2259
4608
3683
5844
6125
3892
1949
1348
3220
4469
3295
1351
1588
1483
1173
6308
1277
3766
3490
1672
5725
5022
2696
2109
6088
6107
3596
5226
1037
5270
576
6171
5284
1227
6508
5600
4615
2476
4627
6504
521
6028
4661
658
1080
1643
6013
4649
6448
2716
2893
2470
2954
3317
1277
2348
4885
3117
4993
1647
5011
4131
5577
3494
602
1569
6487
2191
2705
5879
3092
4632
4169
6551
993
4046
3720
4684
4308
6084
1787
5879
5672
5190
5595
4266
6283
559
4658
3889
2878
3606
3793
4671
4183
613
1827
4015
1143
2633
2634
1449
2395
4555
2601
1317
2755
2113
5577
3293
4813
3621
5372
827
5925
6162
5746
6605
4800
6000
6475
451
3799
3715
3162
4641
2063
3753
1616
4174
5531
5180
2052
3844
1386
4291
1071
3176
716
5456
3423
2110
2939
5757
2900
5718
6213
1466
6041
1701
420
5950
3091
3164
277
5283
3262
5631
2606
1286
2137
5533
5524
249
3503
2641
2335
4402
6171
6505
5205
3847
543
5140
1300
2170
4220
278
5300
867
1078
4755
1890
1060
4492
3904
298
411
5797
1243
4723
2326
827
3614
6183
2413
336
1197
2927
4327
5619
1036
2398
1257
3155
4984
2098
6089
4507
2733
2689
4240
2172
3949
341
2926
5994
1710
6609
378
6389
641
3776
5611
2416
6004
4275
2461
1370
4386
6171
1718
6304
1615
5712
3661
6430
3608
3845
4963
4943
3433
5815
5173
5010
2814
1936
4518
2710
2216
6436
6313
6519
2608
5705
1109
557
3070
3364
6338
2379
1459
5891
4584
4684
675
4131
785
3131
556
5458
5822
772
6611
1794
993
1213
2018
3505
5592
5992
3418
6449
860
2737
3421
2721
3968
1016
3208
4916
606
4759
4595
6579
5269
5102
5879
5798
3795
2848
2975
987
3792
3981
1207
519
3820
2631
4235
3693
1609
4894
6180
2741
1435
1872
3332
4907
3279
1037
1387
3601
3399
3843
716
6015
2342
1850
2395
2553
2479
6386
1830
3390
5583
1339
1369
2612
6436
5324
502
1937
4293
2834
4272
2471
4429
2798
1200
381
410
4339
4549
6238
1780
1221
238
6204
3242
2485
1004
-1232
-1067
2742
1193
3667
6808
4334
-1155
4452
3526
-1112
-353
2058
104
3320
-1406
-1532
6444
4159
-938
3368
3534
-1267
2809
2863
-2126
3389
1063
3597
5322
6315
2915
3545
3463
2219
5732
4146
6460
4242
1277
3995
1218
1958
1409
-1084
5983
583
6275
910
-1443
-1431
2226
-511
-1769
6925
3648
3414
-677
2258
7056
-1576
6865
-1854
1208
5561
979
-1906
6079
1997
5160
-1239
4397
5984
2442
914
4152
-266
3710
3889
7199
6228
-310
5421
-940
5834
4989
512
-1453
5179
-187
-995
3369
2002
-2016
2925
-455
5802
6929
352
-221
-181
1738
6765
7163
1702
2635
6897
2189
-115
7278
4489
5495
1120
1329
1189
5208
5280
4150
4549
3569
-287
7124
6643
2387
561
-1699
50
-1263
250
-601
3810
-336
2929
-104
809
1435
3971
-909
3931
6343
5055
4815
6167
4115
367
4787
-674
6078
1377
6310
6151
1650
7070
814
4029
1886
4080
474
98
3316
981
4279
3454
3059
6697
2684
2446
1875
-887
-410
-339
3451
765
5626
2533
-1475
4584
3167
1164
-836
-1131
-1177
-1900
2003
1171
6558
1292
7120
3945
5017
-2029
-956
-612
-683
4298
2206
5768
1095
4559
-806
4213
6071
539
-1742
-2131
6434
1121
1346
2713
1294
3124
4917
1464
-1956
-2027
1854
2333
-1621
1394
-932
5003
6617
167
5104
2629
4705
6414
-1615
6901
3801
-900
5448
5708
1503
-1956
1777
5033
-1789
-551
2951
3499
934
1911
2133
6320
5653
2502
369
-1453
979
2559
2058
3085
5226
1781
-1227
-977
418
-892
-324
7158
2637
-1388
5227
1920
4967
6584
2628
5081
6813
1668
5215
4932
4562
2094
2844
6893
4342
-33
6937
-343
151
3796
5467
5070
4772
4044
2588
5975
3692
-1744
6919
4440
6850
1639
1690
-1761
1307
2181
6131
194
158
2735
5718
1646
5633
6307
-1823
-704
2510
-927
-1380
2216
1830
1996
4088
2661
-1471
5647
-824
-2066
2916
1193
5880
1647
45
4789
-906
-1255
2794
681
5144
3225
207
652
4513
5698
362
6055
1765
4023
-1757
2793
1394
-904
-789
2736
2998
1046
-519
6615
4726
1343
-957
6110
-1379
-1151
4189
1484
3113
2699
1774
1613
7234
4193
5441
2106
-661
453
3247
5372
5446
-1255
5653
-382
-1799
-771
1922
-47
6537
3910
3241
-1804
6209
210
-1337
2690
3899
-445
-1948
7354
5031
-729
2175
3026
5911
6767
3195
137
2167
3976
7092
1243
1562
6644
1347
7136
7387
528
89
1788
-390
5372
5126
2229
6875
6156
486
4211
1445
2901
5518
2154
1674
4173
3896
6616
4938
3527
2504
6017
-1798
7024
6608
-2016
6891
-1859
445
3416
2214
-803
3352
3133
-1079
672
4555
2344
7169
1312
4481
3585
3690
3262
-679
5587
-852
4805
120
5976
-405
7301
5708
1870
5502
5045
-8
5138
25
1318
3582
-384
3448
1639
2000
-657
5568
2634
3374
-2071
3608
-62
1719
-2068
-1519
6393
6874
6869
5584
4541
3878
6465
6357
7250
3696
-95
6377
1142
4937
7412
-1348
4947
6854
-1937
6538
600
2125
2739
4278
-125
5375
-857
372
6995
5145
-2085
3033
4029
1926
6429
3557
5529
209
6077
513
1190
6134
5509
5132
5039
51
4795
2786
6555
1841
2390
2060
2180
5104
-1097
5936
-50
2602
7213
6503
-1975
749
1244
4747
5724
6155
2801
6175
3754
1160
1997
6533
-36
1006
1770
2715
334
2088
5329
281
6376
-480
1131
2375
1675
3663
-1878
3418
2885
-319
5127
6765
1150
5154
-132
3987
508
7013
6447
5445
4711
-1937
-697
-1377
3925
5697
6978
1812
21
468
6061
-383
3424
3075
5690
3765
6797
4098
2534
931
2475
-875
1236
7368
5348
-1821
210
6930
3621
3850
-873
3717
2674
4386
792
718
4956
2692
-1204
3052
-1500
-452
-1897
1889
4920
6856
7265
7105
-1280
4378
2684
588
2638
5856
3724
4959
2456
4805
2616
7147
-784
1000
3892
4930
2610
3199
3613
2656
5635
-101
4607
1676
336
3786
4635
2827
-900
3010
6113
-25
5037
7033
3395
-757
2575
-134
4314
7240
-2073
7038
2321
-2116
7233
-1512
4590
5227
2301
6345
1134
-1081
6475
-560
6568
1515
6462
-1811
222
2349
439
6435
-1429
-1936
4860
6417
3889
3929
-1056
-1261
2806
4940
4331
37
4180
3541
6946
6674
-1404
-653
2183
6219
5480
5174
5169
4252
7110
7122
4849
2315
1105
65
4486
6593
791
-1261
6147
3501
2827
553
-416
6717
6182
4819
6700
-1522
-1305
4219
6529
504
5648
4165
6022
1094
3049
3392
5455
7285
3051
3802
5724
5917
2128
6230
-426
-1391
2251
4386
-1623
288
4022
-765
-1684
966
6049
3754
7257
-2034
4230
4638
-2031
1196
7011
4344
1204
-1351
4443
3473
-292
3994
4744
4128
-489
-1705
6616
389
-874
2903
3290
4444
640
2407
4263
2141
5198
-862
2664
4053
-912
6337
-1973
4053
-885
1556
6295
1684
596
3607
5063
3780
4605
4444
-1212
3161
2165
5875
862
-1652
5869
-473
336
3888
1774
6674
5834
5059
2298
4149
-90
7211
2574
395
772
6375
1172
556
-1405
815
2892
-884
1781
342
7230
3085
779
522
2387
4289
-1006
5162
260
5673
7236
6574
4514
-636
3278
2657
4116
2795
-244
-1182
5351
5613
7225
-327
4002
1344
-898
46
3438
7360
5971
7188
1358
5219
1471
3866
4076
2645
45
3439
3927
3512
-667
4840
7365
-862
3038
-1556
1966
4647
7044
592
5375
-381
-455
6888
134
830
858
2217
-431
-595
5620
-1258
4637
-2035
5891
-1605
7029
6980
6930
1626
-799
-1268
6976
5460
6423
-774
-763
1480
-615
7247
6279
-141
-233
2534
-647
3474
3525
5011
-1302
-1835
652
3020
6205
-608
6400
-920
-1737
443
5422
507
5028
-2129
5148
-1314
-172
3260
3751
2660
4842
5499
6694
855
6957
3075
-131
1321
7236
5930
2014
4683
-1739
1971
-1831
1596
-1245
6948
5621
6455
1407
-386
-81
-482
2707
4987
-1016
3076
6942
3344
5489
6233
5502
3912
6134
1041
4049
-1932
60
-1166
405
5663
6011
6305
