101
-976782351
-995231931
-782981558
134051836
264230352
-440056474
390566503
-105097769
-469290017
-246626160
342304778
170814502
403740258
-385065345
-218347820
541905785
-256431304
42594449
-429154098
364657114
-619652391
719629403
203672624
233641905
473102566
-245062537
782148752
-920670919
-318518704
745404159
-778525748
373662952
592097635
376856405
-655746155
-726407647
867493529
-781824778
-169975642
-268269643
997457145
-386506709
420309387
405057829
600699396
-693552141
578309870
-864349523
810498942
305700840
-522303390
-965315518
722029378
-78383957
-675346526
-179233975
733755415
-625772890
-889431714
-209608942
966021503
602873884
-290312188
-63454459
804310043
-463275141
-133511204
-89426514
403712158
106403629
-608347147
332135292
-476831246
-854576371
-321660017
-928119840
93515024
976952888
-21959622
731996609
-691313903
-809207943
312396899
-724861507
-444643203
-112270259
-955830037
-668172810
236685438
-667133636
-424692321
-812648328
-520364467
-917148056
815155471
-461017061
-39265855
644838413
-998748411
896530506
820111998
-1253675606
-812874613
873386590
113657379
-1039004318
140127326
802899101
-37481617
-416542720
-1418835761
1046312188
-350167060
531182605
221849891
-674158741
1258325392
-1108844023
947943741
-1672871384
81908362
102278180
1046133543
270237214
225163882
-642689195
-300539497
2115796699
2003565237
1470931000
340631948
-719894391
-121584985
256347687
739597259
-938359992
-983720927
417463203
773300796
-751337814
-151268115
1152183649
-1331208081
370172295
601100862
1127766795
108845452
-779732132
-860184745
1474644729
592897886
-1290625387
-1148232144
800365054
837638869
-1731774792
331577486
474339150
-590599669
-759776600
503360883
140282750
776857306
-40381344
354453163
961449250
-1112268027
-706447382
132891991
181818669
993560216
-367422581
-667413147
378605923
-929442618
-77687583
1956489019
-111851246
-1479120401
-1100540620
544862236
-326916255
-382096823
-75482605
-446284404
-1142764136
870298444
-1699164099
-89146782
208545895
-1178153901
-779129353
345226673
-1993878970
-202068129
1383626393
-1947813630
1138254592
392189590
-1853090249
-1847557560
-350205494
