5000
636
8001
2901
3596
898
6351
537
5699
5733
8144
6169
829
6249
4601
9715
6212
8683
3609
4837
9917
5385
5837
9883
9067
3640
3518
7580
3266
9632
9387
182
2134
6458
2348
4666
1149
4304
1197
6760
5617
4234
9986
1885
9126
3789
6185
4233
6002
9139
583
313
8825
425
3214
6359
3874
8429
6869
9915
4341
1587
9582
3313
8207
8267
3181
5650
3640
5095
3827
6503
1408
9101
8756
7600
5932
5124
6179
7223
9052
6582
4939
9375
6141
9325
8471
3323
1887
3732
7180
6754
449
7093
238
4815
8540
3840
3869
915
6706
2303
7563
5351
8021
2573
4938
8488
9869
9379
4585
9139
9390
8026
3789
276
1541
3109
6477
4526
9588
8582
8939
5898
5499
6133
548
7862
5542
2102
7345
7204
7595
5079
9977
312
8399
5915
3651
2096
2415
5953
6943
2548
7022
6674
1365
1627
7175
9218
7806
8872
916
5449
8978
3621
2320
2491
4270
848
2106
1589
8747
289
8695
8883
1410
193
8915
2710
6993
4618
3122
5253
5131
9638
3407
7218
2118
1129
4599
8757
9003
2103
1264
3907
666
8388
4612
3736
4211
2102
732
4088
6235
9928
3534
4526
3773
2605
2869
4806
5775
8113
6646
7619
6975
8836
4177
7177
660
8967
9158
6689
1350
321
2932
1688
2912
9242
9892
9996
5371
578
2253
4591
2812
2779
7933
462
7404
6950
8681
9094
6118
5789
3805
5461
5584
9948
323
3281
7431
1785
9145
4741
3870
8372
880
9967
1913
9947
4571
4862
3332
7832
7160
7571
7637
9361
921
8049
7844
5784
7892
6220
3997
3650
7090
5322
7737
5238
543
1869
1542
3704
5383
9482
3086
7202
4997
6584
6662
4848
3741
2720
8056
8885
7049
5554
3529
1989
8729
548
1744
9067
4313
486
2453
1091
9061
3013
1899
9436
2382
4043
279
6261
546
5253
5360
2761
9506
3416
1826
6051
8076
2337
9997
3699
1137
7802
2548
8126
1646
4919
3516
4899
3675
5777
9406
1111
6676
729
3756
2198
2797
301
488
3503
4372
337
1973
7053
2603
2572
6947
6127
1279
4506
2065
5331
1795
8839
725
3870
6729
856
4804
5883
2512
667
2662
232
8386
2104
4642
464
1095
510
4973
8601
5199
1001
4491
3511
9340
9888
4250
1862
7287
9032
7092
4085
2225
8907
685
209
3126
1008
7355
4410
3124
4192
2488
1707
5660
1259
5290
6527
5279
9198
9816
5600
8903
5103
9003
7700
9744
7520
1527
2606
3292
930
5970
3531
1954
3347
5464
5983
473
2427
790
6143
1028
9948
8172
6764
4334
3326
319
3148
1763
5565
9707
4784
5357
3393
5231
6821
3200
6678
8087
9555
2197
4891
1047
3933
8168
5733
7001
8302
4202
5101
8483
6989
3197
144
3188
5178
8106
570
5497
1503
6889
3838
722
2046
8906
2233
918
1186
6283
205
6682
286
8195
5334
7929
6553
3117
8024
9379
6641
6682
5721
6563
3296
9098
2891
4172
3341
2760
8057
2930
2375
171
882
3067
4026
6477
8673
1238
1425
2908
6996
5872
3485
1562
1863
7112
8876
3905
6360
7634
4930
821
1087
9867
7503
9423
2159
7540
832
2944
6726
4566
3225
1896
9512
7480
7853
8518
8550
397
5906
6708
7065
7949
1733
4885
6331
1637
7133
5166
3919
609
2851
3824
9140
2717
2879
2613
2700
5411
797
1861
337
6271
6043
9655
3278
8636
3932
2900
1907
3951
1196
4192
5150
207
3091
4957
2583
850
4199
8869
4985
1426
9256
7636
428
9782
8320
2218
2744
3007
9678
7546
559
1997
7337
4609
4783
2508
208
207
2832
7631
1939
7902
8529
9879
785
2860
3755
9562
4373
735
1741
8764
6721
7419
6978
4527
1399
1565
3026
2561
7662
1853
7828
5976
171
2135
3878
3818
1102
9048
5189
1605
9939
535
1303
2824
1650
8122
5991
2104
7756
1704
5799
5674
4926
9875
4548
9864
4254
5464
927
1188
8363
5669
2110
2307
605
4446
2331
6517
8720
3803
1082
2204
7613
4906
118
7380
6218
9232
1817
7308
3176
8173
2264
2953
8600
8349
5707
7864
717
5829
8110
7536
5749
4387
3799
271
8299
4663
982
3395
1907
7858
5324
9696
7278
5762
4392
7188
7506
9148
9989
8070
4879
8004
9798
1557
6677
5938
237
3292
7841
567
637
3778
5255
4078
2219
7397
5362
1786
1996
7084
2646
2037
7203
738
9009
7099
8102
6722
3204
8037
6387
7547
6303
1877
9132
3089
3305
1966
2716
6477
500
694
1186
7314
7932
9078
2441
4206
8825
1112
7890
5617
2711
7239
9890
4715
6906
725
1497
8171
4372
6305
6932
3087
8997
2907
5787
861
7779
6892
6026
3753
5000
7492
8945
3063
4367
1836
1835
3133
1757
1669
5491
2903
4951
6058
5425
3532
2980
2687
8329
4543
5403
1964
5209
4341
3830
4264
360
9112
3834
6646
8841
7138
9633
649
6519
5313
1265
630
4734
9770
4274
4802
7985
4695
8596
9176
6582
1699
9298
3937
4745
3797
4148
9730
6760
6785
5442
7564
6437
8402
4594
431
9961
634
7060
3456
4358
5387
367
546
8712
9711
7563
6560
4618
7932
6701
2191
2725
934
2333
1283
310
3486
7601
9540
1824
6197
9952
538
4104
3272
5902
5961
6639
3127
3423
1848
9678
6539
7880
4852
5135
4011
6721
9518
5450
8678
3543
9718
1020
145
7306
5386
8218
727
3246
9173
3107
6390
4480
5944
5022
6428
1706
8108
1842
2182
5557
8959
5402
909
1443
9717
1086
5298
1188
6834
3995
7834
4381
4983
4553
2849
6952
3727
2509
6887
3896
3087
9571
3954
6845
2803
7730
4808
9985
9190
5253
8519
1080
6463
9177
5313
4064
3503
8635
3480
3256
1632
2531
1430
3878
6252
424
2081
7953
9692
5709
3915
8356
2203
896
256
1111
9909
7682
6020
3498
6582
2712
8606
6295
3518
2321
1711
4924
2117
8107
1200
9289
7716
9698
8260
2134
3765
9020
356
4711
6585
5120
3018
6395
2980
1331
9075
2458
1288
9845
2668
8432
1796
8747
8153
8543
9342
220
2691
4416
290
5785
4707
5741
925
1695
2320
3579
7561
3663
3348
3835
7662
4804
7812
6151
6802
2678
3995
9964
7257
397
9065
3873
6751
6431
1411
5250
1813
295
4508
1548
9308
4689
6274
3576
900
9343
9780
9089
6646
4013
8630
5510
5767
7230
4695
4588
5928
5131
1757
5217
8382
2458
5908
1965
4347
4564
6879
5753
5048
8864
9224
4570
3934
7882
9642
5311
9583
2260
6047
9134
1349
726
1726
9409
6976
4954
4025
3832
8473
4090
1755
3687
4674
1665
8041
8675
402
7513
5169
8709
1521
6056
3499
895
5590
5873
1452
1356
2674
7624
5684
6328
2133
4457
6247
9393
6019
8164
2685
2798
4148
5999
7660
3627
6693
5414
5608
5324
860
6679
8723
3013
2981
142
2689
2162
2695
5438
2355
4049
1647
8618
7920
3847
6537
5300
2749
9934
9670
8548
436
373
2642
2305
1567
8169
8551
9046
2228
5052
7668
7756
4388
9763
9825
3459
9313
5135
5658
6432
435
6537
3788
3390
1688
7000
9635
9708
4177
710
1102
8337
4701
8634
8783
7118
5113
1608
6016
1838
8413
4161
9275
5444
1112
7015
4384
8643
7610
1007
9317
7199
7602
4360
9466
7477
7587
6759
1776
7001
2245
2798
6969
9260
9395
5929
8578
4961
3015
6643
5234
9233
2424
7527
3923
2817
9141
4010
917
357
1238
7778
5023
6265
1173
5507
6223
2049
9863
2792
8180
7368
6486
5924
3995
4867
1598
285
1050
4437
690
5080
7956
2427
1551
8500
3224
9500
1936
3337
5767
7566
576
9085
1850
9003
3522
3047
2311
7674
8748
9630
4620
2585
3913
2238
1113
345
2723
7195
2611
4530
5735
1732
5701
6750
5096
5115
5061
9396
8112
487
4903
3487
9265
1415
321
9055
6842
2008
6832
5072
1800
1722
8176
7237
99
7839
7901
5044
7366
4819
8523
2447
4878
4807
2319
2471
266
9197
2349
9448
2746
5891
7686
956
2559
1194
1547
4157
7174
1987
3401
6540
6655
8101
1282
2870
7228
3323
8143
4086
107
6209
8515
6731
3240
7731
7850
5578
4303
7521
4126
6609
3151
9614
564
2770
1538
3811
8839
4469
2702
1049
9952
8797
9694
8006
8568
2135
5308
1115
7732
9835
6862
7398
5521
3638
2919
6598
768
9216
601
8689
9635
7576
9503
3317
3624
3481
2230
1730
5244
9178
8857
497
6320
6447
7552
8612
3065
7028
9159
7290
6090
1449
4918
239
7653
583
3642
3613
4408
5603
87
1738
7787
5366
4499
5872
1977
4497
3017
5386
1417
9401
6584
6986
3570
3375
4373
8645
6268
4114
7123
2794
6695
5881
7845
7399
6909
131
1738
8138
8766
9927
5059
9955
8349
4436
2315
3963
2131
6346
3322
6566
3579
7770
7770
6920
6699
2327
5110
5952
520
5499
1111
8807
2279
4856
3425
4088
7023
7609
2129
9776
1423
4568
9945
626
9628
4540
3569
8706
6635
1862
3722
5020
2564
5888
1164
530
9555
6713
307
9868
6781
6300
5071
4545
4949
9810
3144
736
4604
2693
1832
3050
4450
1026
2370
7071
8822
3690
6889
7292
5375
8546
4706
4111
601
9458
4600
7569
7277
7120
535
4707
9806
8882
3431
2538
637
8965
673
5320
1004
994
1548
3036
253
675
3120
8561
9240
2343
7311
4850
2091
5333
7830
7110
5672
8257
2751
2706
7028
2407
7069
3335
8338
7737
2714
8259
6399
1229
9595
7874
1495
9212
2966
1927
9307
7771
5190
5994
4255
5533
5493
1827
6200
3191
9481
6998
1212
8376
2657
8161
2623
9701
6646
3300
3313
2134
2913
383
525
2097
6476
2475
2942
4516
577
2378
4809
1471
4510
7513
9390
4118
4586
4618
5464
5437
225
6460
6488
1820
2046
5956
6092
1644
9714
4742
9943
8462
3822
1321
3827
3812
7631
5078
894
4121
9081
4704
349
303
9832
1934
1096
7121
406
5425
8512
3043
3339
7819
3923
9731
6454
3322
7251
3211
9111
2699
4142
2073
9121
6726
9637
3326
6760
8660
790
2892
2080
7307
4270
213
2194
9162
7163
3347
3871
6862
6195
2039
4354
6854
8997
4760
1178
8329
5599
3345
6944
1099
1980
7369
321
2135
1009
2580
5266
2841
2447
400
9582
9956
1864
6540
3243
9737
1634
7409
4389
4791
2763
1313
835
5022
5670
8462
3466
8225
6686
9957
2263
9464
8062
9978
4943
4374
3192
4126
3848
9170
1845
4373
3345
2746
5770
906
112
7395
6277
1096
1093
3827
2815
9111
4061
3373
9801
9613
7224
3132
2547
5962
8414
347
2674
6227
1598
7818
4504
878
4571
6033
5378
6409
3577
6400
8332
4071
1699
7919
8285
2015
1920
6743
1544
824
8480
8632
8929
725
5204
4813
4987
7772
8345
3683
7827
8962
9149
4753
3256
8146
4046
5168
1963
4907
3529
367
2273
9705
5691
4790
5626
3708
7350
5548
653
2541
2930
2931
7178
8342
9614
5854
1329
5189
9581
5676
7678
6881
7914
1513
5224
7236
9334
5700
1317
2976
7075
2033
4307
1548
4224
3395
1867
5407
7514
3547
7002
118
3620
5316
149
9058
3953
2038
2286
3141
3524
4800
7498
5784
9887
3337
7019
1699
1258
7555
882
6398
2578
4386
5136
7789
9676
8700
9898
9738
1764
7442
1242
1962
6833
573
6750
917
9922
4738
2434
4759
3195
2697
3241
7560
248
9010
3566
4040
8826
4542
9222
6287
4596
9710
8364
8857
1364
1118
1736
9990
9564
9200
9487
1888
8753
8561
840
5883
2350
1647
4638
4435
5488
6655
6547
9639
9207
5527
735
8649
2608
9805
3233
4980
1057
8745
1149
9595
4779
5226
1667
2310
8903
1694
8548
1180
4590
8171
5578
1436
3689
3968
7289
1026
6447
8660
3510
1273
9428
5613
9700
3595
8083
2046
8161
5000
316
771
5401
8267
6076
5921
4678
8147
4289
6631
949
5900
2894
5881
3733
9256
3217
8051
5205
5488
8531
2918
8591
4125
9336
2130
552
1100
4050
1885
6003
4323
7535
3718
6860
8151
5533
7975
9824
1926
405
4957
3362
3315
1092
7740
411
3834
1499
4385
2167
1548
8614
560
2223
1764
1840
9048
5008
9124
1371
3988
8603
4671
952
7228
4749
5432
4435
8834
727
2152
7156
4613
8684
5039
4618
3541
3609
2001
214
4148
737
1049
5123
4487
2155
4169
3524
8026
2764
4298
4386
6658
186
6688
2523
1974
5984
583
7094
6149
1269
4928
6639
5611
6657
3976
2863
7973
4983
1245
7425
8381
4304
1286
8833
9328
8349
7061
6515
7091
9853
1195
4470
1428
3090
735
7099
7169
1875
7480
2032
9513
5671
5125
3870
7151
138
3803
4757
8111
5410
2535
3632
2197
6812
1125
7518
1419
1201
4442
1852
8252
6339
7065
7734
4625
8480
4809
8075
9842
5524
9836
2250
7554
1040
2024
2344
4785
528
9111
4636
1701
3164
8687
9246
2181
384
6816
9930
1673
2909
9445
9252
9714
7995
3300
9601
6157
4166
516
530
8314
2889
7709
6012
3608
1193
6825
2664
9310
4318
2148
2714
591
6169
5073
5293
1223
3884
4955
5580
6224
8356
4204
2442
6734
8767
5201
143
2407
1039
771
8400
1457
4386
8622
891
1537
2395
8565
6859
5004
6107
1042
6033
3218
6318
9523
5015
1249
113
5898
6622
3264
1188
1482
7393
2610
2674
3853
5001
2003
721
3530
8519
8155
7295
3298
4741
3351
4988
2205
3863
3898
4772
331
8316
8143
3475
7609
717
4104
2957
2179
8365
6478
4243
5957
6670
1101
4485
4715
7121
633
7657
7308
8465
3593
2794
1294
2537
230
1579
4543
2983
6247
717
6594
4652
8723
2756
5770
3571
6869
8001
6445
740
9960
5547
9680
486
1502
3470
2741
6762
7308
8715
806
9148
5697
9258
2186
2586
9884
5911
7465
7117
3285
9977
8776
3856
8797
8025
5931
4400
1255
9022
2355
2724
5097
3241
2290
887
1893
2932
3487
8610
4058
2470
1997
1016
2373
8780
1735
7029
9276
5726
5687
8585
9299
4991
3773
1219
3793
964
3528
3680
1781
7436
2750
8067
1504
9291
3138
994
5153
9405
1647
3477
2057
6551
3899
2385
9195
2642
8227
1417
7656
1031
3355
7925
2654
1729
7546
8396
9728
1847
3592
4936
8476
9880
9799
7870
5694
7535
7431
3724
6206
593
9935
8753
5729
6059
591
2969
309
959
1839
4642
8117
6868
8223
9434
9180
533
4671
9260
9540
5604
1829
7505
6990
8851
3529
4086
5232
2045
6789
2901
3439
7531
7551
2379
5645
7926
7409
5094
5802
6888
8688
776
1575
7977
1768
8023
5332
2046
6205
1611
7974
1078
777
5233
9666
4346
5117
1021
2327
8247
3023
5432
1370
1530
5968
8368
6480
2775
4369
2853
8193
7620
4730
8773
9255
1254
7729
8829
5505
6289
1596
9288
423
3739
8406
3553
3579
1191
1696
732
8291
7736
8981
7151
4280
7674
4723
1551
1918
5327
7874
2029
3987
7703
7454
9178
9568
105
6577
2977
5511
1547
545
193
1373
8436
9597
9271
2293
2857
9895
1441
6865
575
9880
9598
4623
2929
6566
8701
9162
7792
6591
8865
8888
2573
4444
6841
2591
1053
6682
7003
4614
3956
5158
7062
9935
263
8378
2817
4700
4185
4698
7589
1514
921
9731
5998
1966
887
2635
390
8392
6479
135
1220
6482
9885
9289
8751
5613
7465
9250
5569
8732
1037
9967
4968
6860
6155
3380
2340
7709
272
1880
5868
2059
8171
2655
7686
5445
303
625
6485
4625
7102
1463
4974
1728
7665
4860
8257
6086
7552
8301
7905
8831
410
546
4388
1739
8904
9193
2576
7809
6052
8228
9834
7897
2382
3337
3936
1038
4373
7943
1553
5774
5941
6425
9490
8007
6137
9587
836
4078
9894
1709
8506
7389
9895
8025
2304
246
9961
7712
2731
9460
3412
1873
2020
5223
377
651
557
6315
8432
8239
8612
6660
7344
5939
6770
9201
4581
2395
2841
5525
4187
1482
316
7201
6576
7466
8440
6948
8225
7700
9144
8193
6792
3092
3317
601
9872
1489
3361
4988
3045
1470
6863
1742
7072
2902
6536
8560
668
3479
8602
4269
421
1553
9059
3049
9458
4505
1151
7634
6073
2133
3505
3457
3800
5824
1674
5936
9693
9027
5002
8301
9940
5254
9324
3177
8692
7683
3050
9089
3541
1767
8309
1575
1087
4588
6697
4664
2770
2851
8134
3872
5977
453
8328
1539
832
9983
2490
2121
7751
3970
6463
928
7300
7890
1171
2667
2634
6006
3815
5093
8150
2666
9241
8343
6000
344
9582
6240
5077
3018
4660
6525
5991
7358
2707
1195
9002
8408
538
9254
4916
3399
2321
3972
9038
3737
9414
2376
5346
7625
9042
1030
7485
2042
3684
6269
8179
6464
8081
6642
3934
2463
8509
7750
8853
172
7783
212
3961
3299
3657
1288
6061
8599
1590
8990
6949
211
7323
2365
7700
5933
7613
4748
540
6753
7800
7446
2935
4156
8207
9375
8154
522
9950
653
8071
8035
504
6064
338
3372
5170
4957
4845
6982
7692
2895
3028
6265
8584
6546
9152
3644
3021
5128
8122
8872
4441
5066
2137
6131
9527
7754
3971
7776
5386
1561
2522
5899
3494
8990
5904
8826
9937
3898
1309
4474
8661
6995
1920
3910
5389
7593
5760
3565
5655
7003
6352
1772
5200
2517
8444
625
3217
3810
7403
4264
5731
9816
4407
5511
5811
3893
2101
4877
2377
5276
652
8456
364
9157
8064
3241
5812
6513
5839
5417
3056
3416
8697
5525
5622
3084
8312
377
9377
753
8398
9446
7095
6656
5737
8505
7898
6580
3467
6867
8574
8529
1298
9977
9067
7021
4871
2382
9499
4750
6193
2729
1143
2661
4118
5700
3669
5354
5818
9763
445
8803
5119
9517
8146
4918
6539
6323
4485
8296
3102
4668
684
9966
8152
5795
9997
4561
4106
6327
2662
5908
9677
263
2060
702
9249
3736
5517
7461
7062
1304
367
614
8240
4246
6362
448
4005
2130
6844
4663
6693
261
5797
1094
1219
7876
9355
1056
7399
7810
6671
2195
6254
5537
630
9413
8954
1178
2177
1977
2370
9758
1796
166
7089
5214
5824
4717
9650
842
4001
6287
1387
1369
7740
9291
1635
7422
652
4228
9567
2914
3753
5172
7784
510
5737
4132
8444
3546
5785
4473
6216
3908
6675
5701
8327
6715
2580
6662
9056
7111
165
1881
7871
3521
3782
7454
6650
7767
2142
9442
258
9846
7501
5661
9201
6693
8252
5381
2594
7454
8302
4542
8666
248
5894
7955
5736
8889
9445
6629
7247
6252
8139
7874
714
9148
8645
5617
8574
1795
6242
3162
5131
4373
3890
7771
6543
4311
6361
8360
6508
7045
6029
1648
916
7396
8403
3007
6644
4947
5680
3826
9409
8246
5722
5675
9329
1497
9461
6495
3415
2316
1938
2577
4667
7752
2495
3616
8969
5638
4453
1333
1500
3629
9649
4555
2638
5040
8703
5682
3958
3708
983
4128
3045
8538
2952
1114
9525
1455
9860
4891
1243
3166
4894
3970
5338
6055
947
797
4128
9130
1386
851
819
1567
773
4742
3443
201
990
6820
1722
2153
5962
3548
7356
7473
8888
364
7940
7854
4247
2052
2389
8216
6655
6541
7680
2065
1940
6026
7932
761
7625
1667
6717
2608
2152
7695
1005
9427
7301
3691
4906
9666
705
4434
3226
6568
2866
653
3810
5241
6551
3515
4410
2193
1397
4201
5964
3187
2894
3621
7569
5206
2229
1155
569
2533
8979
3809
4574
9037
7608
2298
8858
736
4184
9810
476
158
223
5462
7728
6022
9867
5744
7540
3773
2509
5266
7274
1961
8553
2578
3157
360
5076
158
7509
1265
8948
9498
2776
1911
5813
5571
5540
3021
1045
5335
5064
7809
9379
8404
1343
375
9526
5553
6748
4159
1742
5317
4841
510
3158
6713
7183
8386
3125
8091
2043
1515
8455
2639
212
8744
7882
5080
3577
8298
7718
8005
4274
3974
8419
6307
6673
4716
5621
537
3246
3269
1589
2616
2139
8411
2690
6617
6355
6927
4277
7413
7180
6820
3736
7777
587
1278
652
691
8530
7312
6767
8461
9283
2729
8062
8561
3424
1445
1165
5294
364
6686
9878
5888
3274
1146
4322
960
3805
6210
5215
5864
1426
9413
9173
108
9988
9504
4570
255
1212
3129
9039
5065
5460
5047
162
907
5087
8542
3204
2120
342
6910
5621
5872
9472
8198
3543
7308
2784
7573
3177
2789
937
4828
4059
1593
3774
3371
8648
4470
2738
893
7823
430
9599
976
3099
4499
2589
8127
8210
4713
1639
313
9647
9263
4273
7818
3499
8214
5136
3826
8220
4575
3761
8695
7511
5567
3146
6325
7199
7135
5533
9256
294
898
4902
8511
2646
3306
6234
5929
9334
9235
1237
8095
4266
2435
2622
2108
9501
4270
2723
2212
9047
6070
7310
6389
3621
3525
3315
9993
5582
8100
7978
1122
2128
2107
4608
7257
1094
6065
7952
5635
3450
2019
4603
1649
2476
7950
5833
727
9847
9919
3641
1421
2144
4567
3629
3921
2304
6504
3742
1476
8192
9825
8134
8000
1406
88
9347
5821
883
4198
9684
1715
8480
7146
5633
5199
1682
2080
9331
7458
4603
9620
1081
9203
771
4543
1341
7367
9452
2764
9987
9938
7469
4234
8177
2661
6404
9169
9516
364
1753
5708
3178
6740
6427
4478
5030
8285
3601
8903
4878
7255
7011
9152
5047
3026
448
5706
2603
2449
7737
5836
4031
8307
889
5431
9591
9584
8418
8740
3313
5343
5269
2759
2776
9318
2476
8357
8324
9653
6531
1660
6755
6527
2142
577
2308
7747
5584
1568
5125
4110
2412
7140
627
6107
4601
4589
3141
9490
1543
1651
5135
9272
7567
8256
9009
5014
4931
9705
2468
8285
447
8584
3962
8401
4271
7513
9772
4049
7821
2758
3346
7528
9737
7731
5935
7896
657
1201
5821
4122
5397
5228
6577
5687
6435
3497
5897
3299
550
7183
6770
1148
1452
3244
4016
8179
3061
99
3359
116
8544
8864
7417
6817
3099
2323
6886
6188
877
8485
7959
5792
4474
4448
755
7554
1168
6786
5773
2079
3900
5235
3561
8368
1388
1779
7976
5933
4961
4472
279
9208
7469
7058
8157
8914
2955
1678
2511
4544
8512
4439
2186
9544
4665
9259
5828
7219
830
7479
144
6586
4019
4691
5199
6543
1189
9201
2106
5984
644
5617
5212
3806
1595
1779
8840
8230
2886
4347
1219
3595
6747
6318
416
8181
689
1194
909
9220
1004
8112
3526
9163
7890
665
5743
7844
992
6964
2338
3238
7007
8029
503
9404
7268
886
2193
9292
376
4104
9840
9587
6827
8877
7894
2714
3731
2999
4127
7770
6370
3633
9142
8124
7113
8579
8982
9139
1637
9393
680
2626
3642
780
2716
4421
7163
6502
807
9802
7637
4698
2900
3727
2769
8972
2199
2691
8008
2700
8959
369
2995
1328
3354
8360
4002
4793
9937
2732
1037
2812
4137
7280
9002
9975
6409
7784
8707
5090
157
3926
9362
226
3045
3970
8602
5513
879
1762
5967
9919
4901
4691
9636
2582
2866
4613
6040
3661
8127
6746
7706
1747
3743
1721
8440
623
4289
8842
6754
8675
370
2655
4540
9227
6301
3193
5258
1262
1374
8488
3019
6064
9338
7303
962
3941
2276
2137
8896
4928
2380
992
7989
5501
9276
2245
8668
8143
7825
9782
6323
1203
5754
4355
8283
816
693
9406
2261
3769
2950
7656
3163
119
4422
562
7483
2689
6121
9473
5943
7076
9031
3504
5436
5040
5602
5508
7270
9784
5999
6420
100
6127
1969
8676
3063
9224
657
3909
9160
2676
7826
2088
9296
2795
7233
749
4467
7747
8758
420
1573
5451
9180
9622
2124
444
2112
1482
4420
3924
995
1383
2066
8694
2791
4467
2607
9946
2263
5007
9042
5862
7024
5475
7702
2758
3898
1272
1927
9195
7373
1997
7504
3798
8901
5622
9415
4868
3569
1702
6019
6997
539
3861
7337
8098
3271
8364
1402
1925
9156
6880
4566
6571
8481
8757
625
3723
3349
6181
4339
2962
4498
7608
2499
3090
1013
2406
3774
3793
1717
4692
1275
3474
583
5005
3038
1161
4083
6722
8171
1260
3229
9193
4701
4458
3761
6997
9826
3849
2560
2531
9927
8014
1506
6438
3658
7965
8163
3173
4179
2294
1263
4694
8163
9416
631
3649
4006
7299
2190
5948
2769
8261
9241
7667
3409
9134
1891
6711
7387
2356
4918
542
2502
8888
6984
2131
9396
5750
1971
4504
3989
4280
546
9902
4818
4339
7656
8479
8693
3217
4456
832
3106
1230
4429
1890
9374
1800
7234
3935
9017
750
1009
6948
9581
4719
9550
7628
2954
7893
9441
448
5993
6475
588
5872
1989
9473
658
3543
491
3524
5254
827
4948
7476
7752
2130
2805
5410
2312
6917
3508
6291
2074
6700
4439
2669
9863
588
4253
4374
4379
6725
2163
3626
1268
4316
1672
6908
105
6338
6420
427
6287
3519
3859
286
406
8773
1924
3698
1771
9596
4057
2283
5057
7708
1005
297
7682
3930
5194
726
3220
2757
865
5372
7152
8965
6074
5645
2921
9394
5368
6219
9492
1424
1637
6982
8394
7136
3165
8371
2474
7340
2023
4147
4819
6919
1603
6813
6129
488
8485
1423
9411
1944
8711
2664
8119
7671
6163
5404
6170
8390
3356
4339
6139
1776
7181
697
3769
726
6376
2348
4956
6819
1631
764
2101
6871
9326
5657
4025
9049
3462
2566
4033
2344
8166
6950
2484
8964
8940
8335
1897
474
3342
995
7562
5598
3767
1114
1850
1891
6685
3973
4272
2898
3716
312
9129
4258
6644
4422
2361
1889
8348
3240
4068
3531
4920
6728
6570
9416
3514
9918
9552
1400
2393
4220
674
6997
3960
9381
6989
9814
5282
3760
3820
5734
974
5788
2772
1754
5823
8868
5985
2035
1002
6920
5423
588
5534
3253
3059
950
3359
4994
2617
2344
8059
2851
3259
9161
8655
6497
5676
3192
6529
6530
7852
2441
9850
293
8693
9293
2806
977
8302
6787
6576
5373
8750
8415
7993
673
8931
6217
4576
7706
8623
6937
4332
2362
8606
9937
4355
330
2343
3246
4669
3387
4792
7206
4116
2507
3228
5846
6172
1912
4325
6007
9581
565
5100
5181
3831
5781
3137
7111
2783
6578
6449
4470
4849
678
6711
1623
5260
8194
8218
773
3270
6015
9194
9255
837
7484
8723
375
2157
5804
5046
7929
5051
4834
8965
6474
1149
4576
4246
9947
4338
9821
5949
8382
4634
1327
5280
8953
309
9425
3665
8974
2948
5823
6995
9185
1541
2404
9474
1548
3332
1605
3265
6776
8150
5501
6797
7252
2625
3354
993
7834
9474
8629
4759
8193
1809
6483
9578
7326
6974
922
6679
3548
2234
3047
6382
8251
4313
7987
7843
4453
9749
3528
5746
1496
2628
1479
2765
1431
7399
7425
1601
5432
7974
9885
1623
8360
8904
5119
6591
4501
9674
6221
4749
2203
8246
815
4615
5186
7056
6252
7006
8252
6675
2790
1075
6587
1631
9238
6285
7683
680
3368
4115
3938
1210
4549
221
1824
2660
7175
2755
7967
3205
2677
6525
2928
6012
5136
2397
9657
3473
2815
4460
7008
6231
8644
2800
4128
6386
2326
9413
7974
7223
7396
3815
9862
6018
4617
4156
8042
1627
1077
8168
307
7085
5810
8752
2586
2749
3746
8583
6954
340
1673
151
9259
1172
5900
3308
500
8931
2526
2592
314
3553
456
7376
1016
4010
1575
8526
1505
7081
4429
6967
1679
2986
4830
4707
346
1627
5653
4323
7884
1189
3374
3345
4172
2460
5690
5037
6962
3784
1636
2712
1413
7163
8657
6487
4497
4065
3362
4654
5866
8780
8391
9811
2397
5176
6492
3057
2476
4887
6555
9843
2212
8883
5186
7675
8311
2906
4572
9387
8925
2487
2923
7485
2865
3161
8902
4771
2863
365
885
7386
6501
4721
9910
5595
9120
1446
5773
845
5075
8319
3336
9338
8186
4270
9889
4191
3713
9656
361
3750
7341
6600
9541
9116
7425
3751
5156
6993
5015
6043
1152
4904
187
3417
6167
5300
580
2248
2063
7358
310
6251
6912
9241
7979
5857
9390
4293
2251
4450
5412
6955
9486
8391
4081
5125
5457
6499
6510
9473
3790
774
5884
6107
1365
4701
7641
5253
8932
1781
3662
7802
1464
1758
923
9988
1105
3797
269
2134
9691
7138
4477
2926
4515
2775
1299
7642
7425
1978
1582
6516
2919
140
825
1193
8265
8919
1165
441
2792
6983
6291
4048
8834
9487
5851
2704
1018
146
2445
382
3564
639
985
9215
8939
8567
4384
9491
8674
3906
1484
7756
7849
6423
784
4421
1579
3131
608
2586
5083
6391
612
2293
1991
5704
4596
2112
1171
9013
6823
7838
8020
4237
7914
350
4070
5548
1757
9354
5086
4476
4940
9842
7383
882
296
4204
5309
5850
7718
7621
450
6981
5540
5728
5178
7777
5307
8213
4481
2306
8288
926
3782
8368
5385
6003
2622
3807
3737
3015
349
828
4732
2712
9390
3801
4095
4099
4071
3436
7664
9855
5455
7283
180
3903
3659
8052
9199
3458
4106
167
2567
5187
8835
2299
4344
4135
5180
2818
1084
8684
6310
4518
8564
4716
826
9644
8990
4612
2048
1451
7873
8960
9067
2198
5852
9822
7669
171
5216
2357
7075
5898
7668
422
4416
9086
1930
5218
7345
3324
1000
8563
1549
518
9076
5321
9362
1626
3478
4211
9658
7071
9337
2951
4182
1610
9217
3460
9658
6519
1137
3311
965
6241
363
3672
4538
4665
9292
3180
7981
8775
1371
9499
5547
2703
8620
6352
226
600
2004
806
165
8480
1461
95
2314
273
4267
8282
5743
3943
5184
1991
335
8126
1240
4540
1431
8036
7869
1829
9255
3534
5055
1136
2307
8906
6555
5140
7245
9946
5187
6168
9310
2658
2439
4778
3074
8013
3810
8909
1061
5950
2554
3291
8234
7183
9892
8907
7310
2559
5439
1800
2533
7035
5511
8413
8391
6593
4110
8340
5052
9883
7635
6265
9345
7314
5929
9863
332
4785
6127
1946
2514
1562
2696
8134
5495
1957
131
673
1934
3963
2569
4506
5152
2818
9453
6433
5167
3073
9298
1402
6442
4560
9076
1026
9911
5952
5759
8269
720
2404
7426
5213
1208
8074
4382
4093
525
9789
1672
7664
5675
7659
3541
8682
4595
1707
4531
8268
5075
1373
8101
5183
3603
9769
9054
2084
210
2903
7041
4908
8614
1239
9584
1886
8736
9551
7027
5573
